-2.000000 2.000000
-2.000000 2.000000
-1.000000 1.000000
-1.134464 3.141593
-3.141593 3.141593
-3.141593 3.141593
-1.047198 1.047198
-1.047198 1.047198
-1.047198 1.047198
-1.047198 1.047198
-1.047198 1.047198
-1.047198 1.047198
-0.261799 0.523599
-0.698132 0.698132
-1.047198 1.047198
-0.698132 0.698132
-1.047198 0.436332
-0.523599 1.570796
-0.523599 1.570796
-1.047198 0.698132
-0.698132 1.047198
-0.349066 0.349066
-1.047198 0.698132
-0.698132 1.047198
-0.349066 0.349066
-1.047198 0.698132
-0.698132 1.047198
-0.349066 0.349066
-1.047198 0.698132
-0.698132 1.047198
-0.349066 0.349066
-0.872665 2.094395
-0.349066 0.349066
0.000000 1.570796
0.000000 1.570796
-0.872665 2.094395
-0.349066 0.349066
0.000000 1.570796
0.000000 1.570796
-0.872665 2.094395
-0.349066 0.349066
0.000000 1.570796
0.000000 1.570796
-0.872665 2.094395
-0.349066 0.349066
0.000000 1.570796
0.000000 1.570796
-0.349066 0.349066
-0.349066 0.349066
-0.349066 0.349066
-0.349066 0.349066
-0.349066 0.349066
-0.349066 0.349066
-0.349066 0.349066
-0.349066 0.349066
