-0.240841 0.765271 -0.318636 
-0.244044 0.684774 -0.289201 
-0.235788 0.578527 -0.237302 
-0.225359 0.500777 -0.207678 
-0.211100 0.426950 -0.188049 
0.028801 0.946370 -0.304157 
-0.010013 0.859541 -0.246075 
-0.030300 0.725881 -0.196274 
-0.032087 0.638284 -0.199495 
-0.018086 0.527581 -0.136171 
0.206940 1.000000 -0.266431 
0.175752 0.928981 -0.220029 
0.144623 0.794247 -0.150095 
0.122414 0.700966 -0.123005 
0.116882 0.520263 -0.080463 
0.430360 0.933339 -0.193407 
0.402523 0.841851 -0.180925 
0.369303 0.717274 -0.146407 
0.335063 0.614833 -0.113643 
0.302258 0.456198 -0.072779 
-0.214728 0.290431 -0.178266 
-0.010883 0.397386 -0.128992 
0.114802 0.353646 -0.084301 
0.264654 0.260042 -0.049350 
0.049302 0.174931 -0.039422 
-0.201495 -0.300322 0.030860 
0.024495 -0.356158 0.066584 
0.262142 -0.175856 -0.105940 
0.408824 -0.078535 -0.091986 
0.492715 0.205484 -0.194348 
0.509813 0.352523 -0.265774
